886389417
763456073
763901136
875002022
763719065
970836795
525622796
360880230
234447334
158296956
161007791
161473083
706846339
763759525
375450439
206906765
764811490
158458797
159247771
764062976
722859603
195044680
161230322
765034022
158742018
764143897
866653606
765337473
158236265
488228756
765317243
838529239
764851951
257905678
765377934
159085930
159005010
857980665
663835652
764710340
764346198
451588811
553359145
739574095
132902142
763638144
612472597
763840445
797461496
763698834
182518224
765195863
508703490
764791260
764649650
788731474
158883629
765539774
241812656
159915365
650853796
953045535
158276726
809362576
764588959
765013792
561079058
884419868
208027353
765640925
160643649
158256496
366487741
316129862
465578759
809635352
731256356
764184357
763721271
765661155
550534656
764245047
159733294
536137189
763820215
188816475
737052003
370425937
160036745
764366428
160502038
872848689
763921366
441369442
763577454
765256553
159227541
638754422
256789458
160259276
178713055
764042746
932979671
763557224
643185023
160319967
338793263
159470302
158114885
159753524
246515023
160582958
646253328
675950834
158013734
764467579
980939909
160704339
158984779
159713063
765620695
158337416
158944319
