797461496
646253328
366487741
195044680
675950834
765539774
508703490
188816475
765195863
764649650
763719065
765377934
765317243
316129862
886389417
765661155
765337473
706846339
765013792
884419868
178713055
338793263
234447334
857980665
739574095
765034022
525622796
208027353
953045535
550534656
932979671
764366428
765256553
182518224
764062976
646253328
675950834
159733294
866653606
257905678
160582958
763721271
441369442
797461496
663835652
765013792
765377934
553359145
765337473
809362576
765640925
561079058
508703490
737052003
256789458
366487741
763901136
765256553
643185023
857980665
875002022
646253328
884419868
316129862
525622796
612472597
886389417
764791260
764851951
158013734
158114885
158276726
158296956
158337416
158458797
158458797
158883629
158883629
158742018
158742018
158944319
158984779
159247771
159227541
159227541
763456073
763557224
763820215
763698834
763577454
763638144
763840445
763719065
764062976
763577454
763901136
763759525
764143897
764042746
764245047
764346198
764467579
764588959
764366428
764649650
159753524
159753524
159915365
160036745
159733294
159470302
159713063
160319967
160502038
160582958
764710340
765013792
765256553
765034022
765377934
765337473
765317243
765620695
765539774
765661155
763698834
508703490
765640925
160643649
158296956
160704339
161007791
161230322
158013734
161473083
158256496
158337416
638754422
638754422
970836795
158742018
158458797
809635352
370425937
650853796
158236265
158114885
158276726
246515023
159005010
158883629
158883629
159247771
159733294
158944319
158944319
159713063
159227541
159227541
465578759
132902142
763759525
178713055
612472597
763820215
643185023
953045535
763456073
375450439
764184357
737052003
706846339
675950834
550534656
338793263
553359145
857980665
764143897
764811490
159753524
159753524
160502038
160502038
160704339
159470302
160582958
638754422
638754422
370425937
160319967
159085930
160643649
246515023
161473083
650853796
809635352
257905678
866653606
866653606
763721271
763721271
451588811
872848689
158883629
158883629
764467579
809362576
234447334
763921366
488228756
763456073
884419868
764062976
763840445
663835652
764042746
763901136
561079058
765195863
764588959
764791260
980939909
375450439
763820215
722859603
360880230
764366428
525622796
612472597
932979671
550534656
763921366
764467579
731256356
763557224
159753524
159753524
159227541
159227541
158944319
160319967
763721271
160259276
241812656
206906765
638754422
638754422
838529239
536137189
160502038
650853796
809635352
246515023
788731474
